v1=3.3;
v2=5;

r1=10000;
%r2=??

r2=fsolve(@calcr2,[10000])